TR: 38.424866, -110.780297
BL: 38.420875, -110.788869

