BL: 38.420873, -110.788870
TR: 38.424872, -110.780285

urc2
TR: 38.424538, -110.776611
BL: 38.416771, -110.790596
